20	12	8	12	23	25
20	11	9	12	23	25
20	12	9	12	23	25
20	11	9	12	23	24
20	11	9	12	23	24
20	10	9	12	23	24
20	12	9	12	23	24
20	12	9	12	23	24
20	13	9	11	23	24
20	13	10	11	23	23
20	13	10	11	22	24
20	13	10	11	22	23
20	13	10	11	23	23
20	13	10	11	24	23
20	13	10	12	23	23
20	13	10	12	22	24
20	14	10	11	22	23
20	14	10	12	22	22
20	13	9	12	23	23
20	13	10	12	23	22
19	14	10	12	24	21
20	14	10	12	22	21
20	14	10	12	23	21
20	14	10	12	23	21
20	14	10	11	23	22
21	13	10	11	23	22
20	13	11	11	23	22
